Interaction Comparison Summary
======================================================================

ACTIVE vs INACTIVE — Top residues by change in interaction count
----------------------------------------------------------------------


HBOND_SC_SC — Top 20 residues by |Δmean|:
 Res#  Act_mean Act_std  Ina_mean Ina_std    Delta
-------------------------------------------------------
  274     0.036   0.189       2.0   1.414   -1.964
  278     0.036   0.189       2.0   1.414   -1.964
   77       1.5   0.882       0.0     0.0      1.5
  254       1.5   1.171       0.0     0.0      1.5
  279      1.25   1.005       0.0     0.0     1.25
  116     2.071   1.052       1.0     1.0    1.071
  159     0.571   0.742       1.6   0.548   -1.029
  173     0.929   1.016       0.0     0.0    0.929
  222      0.87   1.014       0.0     0.0     0.87
  162     0.821    0.67       0.0     0.0    0.821
  130       0.0     0.0       0.8   1.095     -0.8
  155     1.143   1.008       0.4   0.894    0.743
  316     1.143   1.268       0.4   0.894    0.743
  168     0.929   1.016       0.2   0.447    0.729
  151       0.5   0.882       1.2   1.095     -0.7
  198       0.5   0.882       1.2   1.095     -0.7
  321       1.5   0.882       0.8   1.095      0.7
  181     2.286   1.182       1.6    1.14    0.686
  197      1.25   1.005       0.6   0.548     0.65
  276     0.643   0.826       0.0     0.0    0.643

SALT_BRIDGE — Top 20 residues by |Δmean|:
 Res#  Act_mean Act_std  Ina_mean Ina_std    Delta
-------------------------------------------------------
  343     1.214   0.686       0.2   0.447    1.014
  274     0.036   0.189       0.8   0.447   -0.764
  278     0.036   0.189       0.8   0.447   -0.764
  279     0.714    0.46       0.0     0.0    0.714
  272     0.571   0.504       0.0     0.0    0.571
  275       0.5   0.509       0.0     0.0      0.5
  218     0.481   0.509       0.0     0.0    0.481
  213     0.464   0.508       0.0     0.0    0.464
  166       1.0     0.0       1.4   0.548     -0.4
  231     0.536   0.508       0.2   0.447    0.336
  235     0.536   0.508       0.2   0.447    0.336
  346       0.5   0.509       0.2   0.447      0.3
  167     0.179    0.39       0.4   0.548   -0.221
  342     0.179    0.39       0.0     0.0    0.179
  351     0.083   0.289       0.0     0.0    0.083
  271     0.074   0.267       0.0     0.0    0.074
  350     0.067   0.258       0.0     0.0    0.067
  176     0.036   0.189       0.0     0.0    0.036
  179     0.036   0.189       0.0     0.0    0.036
   67       0.0     0.0       0.0     0.0      0.0

HYDROPHOBIC — Top 20 residues by |Δmean|:
 Res#  Act_mean Act_std  Ina_mean Ina_std    Delta
-------------------------------------------------------
  261     5.286   0.937       1.6   0.548    3.686
  291     5.643   0.731       3.0     0.0    2.643
  349     1.571   1.363       4.2   1.789   -2.629
  340     3.179   1.335       0.6   0.548    2.579
  160     2.679   0.723       5.2   1.304   -2.521
  257      2.75   0.844       0.4   0.548     2.35
   92       3.5   0.745       1.6   0.894      1.9
  280     2.321    1.09       0.6   0.548    1.721
  341     1.286   0.713       3.0     0.0   -1.714
  283     0.964   0.693       2.6   0.894   -1.636
  288     1.964   0.693       3.6   0.548   -1.636
  339     2.393   0.685       0.8   0.447    1.593
  101     2.571    0.79       1.0   1.414    1.571
  258     1.571   0.742       0.0     0.0    1.571
  295     4.536   0.744       3.2   0.447    1.336
   76     2.107     1.1       0.8   0.837    1.307
  345       3.5   1.453       4.8   0.837     -1.3
   89     1.893   0.875       0.6   0.548    1.293
  247     2.821    0.39       1.6   0.894    1.221
  337     3.607   0.786       2.4   1.517    1.207


======================================================================
STATE-SPECIFIC CONTACT PAIRS
----------------------------------------------------------------------


HBOND_SC_SC:
  Total unique pairs: 105
  Conserved (both states ≥50%): 5
  Active-specific (≥30% active, <20% inactive): 12
  Inactive-specific (≥30% inactive, <20% active): 6

  Top active-specific pairs:
   Res1  Res2  Act_freq Ina_freq
  -----------------------------------
    167   254     0.857      0.0
     77   321      0.75      0.0
    116   156     0.714      0.0
    162   193     0.679      0.0
    155   197     0.571      0.0
    279   343     0.536      0.0
    168   173     0.464      0.0
    272   275     0.393      0.0
    209   222     0.357      0.0
    276   279     0.357      0.0
    295   330     0.321      0.0
    344   347     0.321      0.0

  Top inactive-specific pairs:
   Res1  Res2  Act_freq Ina_freq
  -----------------------------------
    274   278     0.036      0.8
    152   156       0.0      0.6
    193   197     0.107      0.6
    159   193     0.143      0.6
    130   321       0.0      0.4
    167   281       0.0      0.4

SALT_BRIDGE:
  Total unique pairs: 21
  Conserved (both states ≥50%): 1
  Active-specific (≥30% active, <20% inactive): 3
  Inactive-specific (≥30% inactive, <20% active): 2

  Top active-specific pairs:
   Res1  Res2  Act_freq Ina_freq
  -----------------------------------
    279   343     0.714      0.0
    272   275       0.5      0.0
    213   218     0.464      0.0

  Top inactive-specific pairs:
   Res1  Res2  Act_freq Ina_freq
  -----------------------------------
    274   278     0.036      0.8
    166   167       0.0      0.4

HYDROPHOBIC:
  Total unique pairs: 337
  Conserved (both states ≥50%): 78
  Active-specific (≥30% active, <20% inactive): 34
  Inactive-specific (≥30% inactive, <20% active): 24

  Top active-specific pairs:
   Res1  Res2  Act_freq Ina_freq
  -----------------------------------
     91   339       1.0      0.0
    247   291       1.0      0.0
    261   280       1.0      0.0
    246   291     0.964      0.0
    261   277     0.964      0.0
    101   107     0.929      0.0
    157   295     0.893      0.0
    258   284     0.893      0.0
    257   261     0.857      0.0
    109   339     0.821      0.0
     90   340     0.786      0.0
     91   340     0.786      0.0
    153   157     0.786      0.0
    250   291      0.75      0.0
    101   110     0.714      0.0

  Top inactive-specific pairs:
   Res1  Res2  Act_freq Ina_freq
  -----------------------------------
    109   283       0.0      1.0
    160   287       0.0      1.0
    160   288       0.0      1.0
    163   284       0.0      1.0
    286   341       0.0      1.0
     90   349     0.036      1.0
     91   349       0.0      0.8
    112   287       0.0      0.8
    171   267       0.0      0.8
    171   277       0.0      0.8
    339   349       0.0      0.8
     90   352     0.036      0.8
    118   194     0.179      0.8
    204   234     0.107      0.6
     91   345     0.179      0.6


======================================================================
WITHIN-STATE VARIANCE HIGHLIGHTS
----------------------------------------------------------------------


ACTIVE state — Most variable residues (by hbond_sc_sc std):
   Res#    Mean    Std   n
  ------------------------------
    126   2.643   1.66  28
    328   3.607  1.449  28
    122   1.071  1.386  28
    316   1.143  1.268  28
    111   1.679  1.219  28
    181   2.286  1.182  28
    254     1.5  1.171  28
    301   1.393  1.166  28
    116   2.071  1.052  28
    168   0.929  1.016  28
    173   0.929  1.016  28
    222    0.87  1.014  23
    155   1.143  1.008  28
    197    1.25  1.005  28
    279    1.25  1.005  28

INACTIVE state — Most variable residues (by hbond_sc_sc std):
   Res#    Mean    Std   n
  ------------------------------
    126     2.6   3.13   5
    328     3.2  1.483   5
    274     2.0  1.414   5
    278     2.0  1.414   5
    122     0.6  1.342   5
    301     1.4  1.342   5
    106     1.0  1.225   5
    149     2.0  1.225   5
    166     1.6   1.14   5
    181     1.6   1.14   5
    130     0.8  1.095   5
    139     0.8  1.095   5
    151     1.2  1.095   5
    198     1.2  1.095   5
    319     1.2  1.095   5
